2022111212,0.14387937
2002012112,0.0046881083
2003012112,-0.01763522
2000020112,0.07788094
2005033112,0.08337973
2015040312,0.063965365
2004033112,-0.018979024
2014040312,0.02718674
2004062412,0.037687015
2010070812,-0.035240803
2003052612,0.060396016
2002052612,-0.0022202288
2011070812,-0.012731594
2005062412,-0.0072984677
2011123012,0.10294286
2006091212,-0.12784095
2019012712,0.07229777
2010123012,0.07113119
2007091212,-0.103441715
2018012712,0.03586191
2012042812,0.044422325
2021053112,0.1470997
2019122312,0.18145768
2020053112,0.06394717
2018122312,0.124043524
2013042812,0.010605553
2015120412,0.07337936
2013071712,-0.073179916
2012071712,0.017199816
2014120412,0.07559954
2022031212,0.08083697
2013020212,0.006306283
2003100812,0.008067331
2008060312,0.078601465
2009060312,0.015331587
2002100812,-0.09010965
2000061012,0.01274122
2001061012,0.026592292
2022071512,-0.031855594
2007072912,0.04875019
2006072912,-0.0817233
2006121112,-0.024991276
2007121112,0.014623847
2008020412,0.11433475
2006011512,0.011631592
2007011512,-0.014854416
2001090312,-0.049904935
2000090312,-0.07330665
2018072112,-0.016826302
2019072112,0.056199454
2016110812,0.03629842
2017110812,-0.04034821
2021073012,-0.039685164
2005021912,-0.051300786
2009080212,0.033596866
2020073012,0.05672044
2008080212,-0.06617843
2011103112,-0.09581696
2017052212,0.039830126
2008120512,0.058315296
2009041412,0.07160001
2000011212,0.06120373
2008041412,-0.047016747
2016052212,0.119779274
2010103112,-0.07139737
2009120512,-0.0153066665
2021022512,0.111797765
2004042512,-0.015922168
2010050912,0.0065039126
2011050912,0.08456218
2005042512,0.052413687
2005013012,0.010604341
2015060212,0.10920647
2009022812,0.063111514
2014060212,0.04588159
2000041112,0.03651485
2001041112,-0.019900208
2022040612,0.06515155
2020081912,0.06749217
2022121712,0.20985545
2021081912,0.02129043
2015100512,0.060848035
2004012612,-0.009801008
2017030812,0.07368131
2014100512,-0.01404787
2016030812,0.0013711039
2008090612,-0.06472929
2016083012,-0.077058755
2017083012,-0.05073003
2009090612,-0.080030434
2015102512,0.081913844
2004010612,0.046849247
2017032812,0.06714004
2014102512,0.0010690478
2016032812,0.057498142
2022042612,0.08973788
2013092012,-0.03348156
2012092012,-0.084361576
2021111712,0.06815249
2018101412,0.1010009
2019101412,0.08284621
2020111712,0.18118456
2005091712,-0.034500938
2004091712,-0.18871328
2008092612,-0.052848138
2016081012,-0.034826893
2017081012,-0.094934374
2009092612,-0.09932238
2016011312,0.05072606
2010111512,-0.01134839
2012021812,0.08056034
2011111512,-0.11723831
2003061512,0.0057458845
2016112812,0.0658693
2002061512,-0.004419332
2017112812,0.018217823
2018070112,0.038601354
2020101312,0.057340775
2019070112,0.08267798
2021101312,0.0078109303
2020031712,0.059342276
2001092312,-0.045048963
2021031712,0.0978947
2000092312,-0.048447553
2005011012,0.0050969673
2004081312,-0.16247849
2015062212,0.09183663
2009020812,0.13142122
2005081312,-0.0771716
2014062212,0.04746326
2004040512,-0.007726668
2010052912,0.08030049
2011052912,0.05305406
2005040512,0.026822034
2011101112,0.0011450486
2017050212,0.051617123
2008122512,0.071026355
2016050212,0.1411152
2010101112,-0.060903225
2009122512,0.07673437
2021020512,0.0812691
2021071012,0.017162008
2009082212,-0.058090918
2011031512,0.095240206
2017091412,-0.077545814
2020071012,0.09432102
2010031512,0.060019225
2016091412,0.011070789
2008082212,-0.12242758
2022091812,-0.014244112
2000063012,-0.03606459
2001063012,-0.022349576
2003102812,-0.1075103
2008062312,0.07870998
2009062312,0.011113357
2002102812,-0.083867006
2013022212,0.09079999
2015122412,0.012864253
2014122412,0.079797484
2009112012,0.04273048
2008112012,0.13282245
2006123112,0.025567751
2007042012,0.061796963
2006042012,-0.032797925
2007123112,0.09356911
2008022412,-0.002210597
2004021512,-0.00540974
2002081412,-0.117503434
2007070912,0.118321605
2003081412,-0.15187334
2022022012,0.09386182
2006070912,-0.10964059
2004111112,-0.08483357
2005111112,0.032603215
2000022112,-0.021937413
2017061112,0.050217323
2021011612,0.13599178
2016061112,0.046003647
2020121212,0.10705673
2021121212,0.047576964
2002010112,0.019352315
2003010112,-0.046589293
2012040812,0.13779429
2018041212,0.10952769
2013121912,0.011499203
2021051112,0.11029426
2019120312,0.1878145
2010081712,-0.044447314
2008032012,-0.06028877
2011011412,0.102111235
2012121912,0.093589395
2020051112,0.08616239
2018120312,0.058964368
2013040812,-0.0026550232
2019041212,0.062161606
2009032012,0.076838344
2010011412,0.15334308
2011081712,-0.037231136
2017021612,0.026913423
2011121012,-0.009013896
2019010712,0.1660073
2010121012,-0.03523658
2018010712,0.039499182
2004060412,0.011016519
2010072812,-0.081512704
2003050612,0.07542838
2002050612,0.015384379
2011072812,-0.086905956
2005060412,-0.010810972
2005031112,0.06347405
2015042312,0.09054549
2004031112,-0.019901274
2014042312,0.0028789314
2001091812,-0.052479874
2000091812,-0.06936412
2022063012,0.021997651
2020102812,0.108970165
2021102812,0.05114183
2006052512,-0.043730877
2016021712,0.016103324
2007052512,0.1324583
2016111312,0.009900387
2018080512,0.016342353
2017111312,-0.0030559814
2019080512,0.00658619
2005110612,0.030747296
2004110612,-0.07823464
2021081412,0.03257006
2020011712,0.13125898
2001022012,-0.024590755
2020081412,0.085797474
2004082812,-0.14822863
2007122612,0.08081052
2005082812,-0.12351337
2006122612,0.0034906452
2003011612,-0.0047872346
2002011612,0.01764566
2005021412,-0.0343719
2014093012,-0.008516375
2003121212,0.06319164
2008041912,-0.042907093
2015093012,0.062431272
2009041912,0.06462294
2002121212,-0.011490865
2016060612,0.04122311
2011050412,0.06754194
2021010112,0.13150668
2010050412,-0.009470408
2017060612,0.039351217
2019051712,0.09713431
2017031312,0.08263214
2018051712,0.038544104
2016031312,-0.0062957043
2004100212,-0.11364346
2002051112,0.007282145
2012022312,0.08917496
2003051112,0.07112404
2005100212,-0.061079927
2004030612,0.004174795
2005030612,0.035829134
2016012812,0.042829927
2017020112,0.07639172
2020050612,0.11506883
2021050612,0.15492727
2001042612,0.061736587
2006072412,-0.0716121
2008012012,0.06893182
2007072412,0.07372701
2000042612,-0.005791974
2008020912,0.10002245
2004011112,0.03618148
2002111712,0.0036491593
2003111712,0.025396863
2007102712,-0.01935632
2014120912,0.04187634
2015041812,0.11245614
2014041812,0.0062073916
2015120912,0.044490665
2006102712,-0.10746886
2010071312,-0.055608798
2011071312,0.002533041
2019071612,0.047786083
2020061512,0.1370166
2017011212,0.10965758
2021061512,0.07968084
2018071612,0.010988914
2005062912,-0.0175175
2016040712,0.07881487
2017040712,0.11191276
2004062912,0.021959512
2003101312,-0.024098605
2008061812,0.09331168
2009061812,0.032142177
2002101312,-0.1106639
2022092312,0.003849397
2003031712,-0.022353021
2014072712,-0.051325917
2002031712,-0.01058941
2015072712,-0.015427532
2010100612,-0.047442455
2011100612,0.005820784
2003020512,-0.07523413
2002020512,-0.028270237
2002071012,-0.056573346
2003071012,-0.08875996
2022090312,-0.056163944
2010011912,0.1325739
2014070712,-0.05126946
2012121412,0.08669825
2011011912,0.060228042
2013121412,0.035213158
2015070712,0.029512087
2015021212,0.15014939
2005052012,0.014643251
2014021212,0.011883674
2004052012,0.019048372
2005060912,-0.0319913
2016042712,0.1145125
2017042712,0.039202265
2004060912,0.034034953
2002073012,-0.15465319
2003073012,-0.08785366
2003022512,-0.04862776
2002022512,-0.075350486
2010102612,-0.061737493
2011102612,-0.06890151
2022041112,0.05952142
2008022912,-0.041196413
2004013112,-0.03378194
2001040612,-0.04432879
2000121712,0.05307443
2006070412,-0.11470634
2003081912,-0.16304877
2007070412,0.15063997
2001121712,0.00789995
2000040612,0.057500463
2002081912,-0.13900006
2012041312,0.13194689
2019121812,0.084673524
2018121812,0.14304887
2013041312,-0.012704345
2009091112,-0.09117078
2007100712,-0.11893678
2014122912,0.09750393
2008091112,-0.068857215
2015122912,0.00821493
2006100712,-0.06278007
2001111212,0.01621631
2000111212,-0.047993354
2016062612,0.056094605
2011052412,0.07580629
2021012112,0.13390356
2010052412,0.07391114
2017062612,-0.00581897
2000021612,-0.026242131
2014091012,0.03450592
2015091012,0.012632757
2016091912,-0.0073574013
2012101512,0.004718807
2017091912,-0.02616639
2013101512,0.0966705
2017022112,0.037269555
2020052612,0.035340607
2021052612,0.13901746
2004032612,-0.03350704
2005032612,0.08371849
2016010812,0.026822006
2004102212,-0.076856986
2002053112,-0.016648455
2012020312,0.0716729
2003053112,0.044194575
2005102212,-0.091046974
2000031212,-0.009180476
2018082512,-0.024654983
2019082512,0.0054661916
2001031212,-0.0013176127
2006050512,-0.02446356
2007050512,0.12355606
2020100812,0.021167092
2021100812,0.038321935
2022061012,0.076677166
2004080812,-0.16213065
2001071512,-0.07253261
2007120612,0.033211105
2005080812,-0.065730385
2009021312,0.14294219
2006120612,-0.017683955
2000071512,-0.079870924
2005112612,-0.019252267
2004112612,-0.05087739
2012061212,0.016356112
2019101912,0.06811195
2018101912,0.107871085
2013061212,-0.0028231575
2004080312,-0.16008927
2005080312,-0.05679397
2009021812,0.13996302
2004041512,0.01389243
2005041512,0.026761372
2000012212,0.12049643
2017051212,0.11836703
2011100112,0.010186863
2009042412,0.065987304
2021021512,0.11739808
2008042412,-0.024147779
2010100112,-0.024857026
2016051212,0.1679507
2011030512,0.072270535
2017090412,-0.08480816
2010030512,0.05440564
2016090412,-0.057057235
2003060512,0.023896573
2002060512,-0.010176221
2020100312,-0.012291214
2018071112,0.0431344
2021100312,0.0050563677
2019071112,0.045455333
2020030712,0.06135513
2021030712,0.06265141
2005090712,-0.09506871
2004090712,-0.18762995
2016010312,0.020859629
2012020812,0.07101605
2010110512,-0.08445509
2011110512,-0.108298436
2004011612,0.023056015
2020082912,0.013270091
2013093012,-0.0002563697
2012093012,-0.04162641
2021082912,0.023109442
2000042112,-0.0016805534
2021110712,0.06900907
2018100412,0.05255625
2019100412,0.09967948
2020110712,0.13992661
2001042112,0.043149296
2010080712,-0.035609063
2011010412,0.110759646
2008033012,-0.05503422
2018040212,0.13349442
2012041812,0.09062171
2019121312,0.08206999
2013120912,0.057471193
2021050112,0.1674248
2010010412,0.16207212
2009033012,0.075386174
2011080712,-0.060215928
2017020612,0.05869127
2018121312,0.14722897
2012120912,0.068939805
2020050112,0.12704659
2019040212,0.053447075
2013041812,-0.0043522245
2019011712,0.10542481
2006092212,-0.09358285
2018011712,0.10444026
2007092212,-0.13280599
2004061412,0.066706285
2003051612,0.08856786
2002051612,0.0123335505
2005061412,-0.026326876
2005030112,0.00011078036
2004030112,0.027336456
2017060112,4.9462535e-05
2016060112,0.04895622
2021010612,0.14623325
2020120212,0.14957285
2021120212,0.053257544
2002011112,0.0042253765
2003011112,-0.0018786801
2022112212,0.0763306
2006012512,0.018227227
2009113012,-0.0022985546
2007012512,-0.0035612942
2008113012,0.10253215
2006122112,-0.0028603035
2007043012,0.100524664
2006043012,-0.029800218
2007122112,0.062630214
2007071912,0.06807644
2004020512,-0.054527033
2002080412,-0.15996952
2006071912,-0.08162535
2003080412,-0.088823825
2022072512,-0.07492278
2004110112,-0.05904657
2005110112,0.0053509534
2000062012,-0.010451744
2022090812,-0.052847482
2001062012,0.027108634
2013072712,-0.047393713
2022032212,0.052518826
2012072712,-0.0856953
2022070512,-0.003392973
2004112112,-0.0655959
2005112112,-0.0037972373
2002082412,-0.0982141
2004022512,0.03159321
2003082412,-0.16279203
2022021012,0.11921133
2006120112,-0.04379991
2007041012,0.06654763
2008021412,0.08626801
2006041012,-0.046248987
2007120112,0.05608351
2006010512,-0.0028069192
2009111012,0.05583364
2007010512,0.04398679
2008111012,0.10953134
2013070712,-0.020841174
2015121412,0.05033024
2022030212,0.09112789
2014121412,0.04633471
2012070712,-0.014142676
2013021212,0.06533954
2003101812,-0.07563924
2008061312,0.08179973
2009061312,0.0421945
2002101812,-0.117001005
2022092812,0.019927599
2015041312,0.10654442
2005032112,0.108404554
2014041312,0.006627705
2004032112,-0.051282123
2010071812,-0.07073208
2011071812,-0.022268489
2006090212,-0.07717862
2011122012,0.08808862
2007090212,-0.04960722
2010122012,0.017347135
2010082712,-0.09148285
2011012412,0.06272554
2008031012,-0.08379564
2018042212,0.10579148
2013122912,0.00021536755
2021052112,0.15303838
2010012412,0.11485438
2009031012,0.033577085
2017022612,0.048172414
2011082712,-0.014057763
2012122912,0.113027334
2020052112,0.049958903
2019042212,0.04933777
2022110212,0.07673792
2002013112,-0.009242774
2003013112,-0.06550132
2020122212,0.15650369
2021122212,0.075726464
2017062112,0.004754594
2000021112,0.04069301
2016062112,0.06770921
2021012612,0.112783246
2012022812,0.10655243
2010112512,-0.035097104
2011112512,-0.056187518
2008091612,-0.056196913
2016082012,-0.025371887
2017082012,-0.11035246
2016012312,0.04341471
2009091612,-0.076688245
2005092712,-0.0058355285
2004092712,-0.13690886
2000040112,0.043339223
2021112712,0.066172116
2018102412,0.11870886
2019102412,0.06953261
2020112712,0.20504248
2001040112,-0.036731254
2020080912,0.07106917
2013091012,-0.015575693
2022041612,0.05397205
2012091012,-0.051503424
2021080912,0.026405048
2022120712,0.13116004
2017031812,0.04840349
2015101512,0.07718445
2016031812,0.008105375
2014101512,-0.021230081
2009081212,-0.021120572
2005020912,-0.022005202
2017092412,0.011634431
2011032512,0.022980131
2021072012,-0.01092437
2016092412,-0.024796454
2010032512,0.098402545
2008081212,-0.10120179
2020072012,0.064346835
2000010212,0.1276916
2008121512,0.043648545
2011102112,-0.048835237
2009040412,0.07043475
2008040412,-0.03585976
2009121512,-0.027929649
2010102112,-0.10462186
2010051912,0.08065238
2011051912,0.08880949
2015061212,0.05038782
2005012012,0.0060798735
2004082312,-0.18002212
2014061212,0.04218448
2005082312,-0.09942476
2020032712,0.054944128
2001091312,-0.06535085
2021032712,0.15695387
2000091312,-0.0712435
2020102312,0.10635119
2018073112,0.021354347
2021102312,0.029318484
2019073112,0.03508569
2016111812,-0.0059432886
2003062512,-0.0067054676
2017111812,0.04103773
2002062512,-0.041371968
2012040312,0.10230836
2019120812,0.14895375
2018120812,0.12216238
2013040312,0.013356168
2010072312,-0.06999203
2011072312,-0.066339314
2007101712,-0.09717213
2015042812,0.06708622
2009090112,-0.07488717
2014042812,-0.0018604253
2006101712,-0.0340761
2008090112,-0.07600088
2002112712,0.0013683983
2022040112,0.06314551
2003112712,0.06955295
2004012112,0.0055587953
2003080912,-0.12182285
2008011012,0.035064492
2001041612,0.008709275
2006071412,-0.09720624
2000120712,0.011694626
2002080912,-0.15177833
2001120712,-0.014194882
2007071412,0.07394826
2000041612,0.006368124
2002072012,-0.108174756
2003072012,-0.09581129
2012120412,0.048379574
2014071712,-0.05330961
2010010912,0.17654702
2022091312,-0.04055247
2003032712,0.021919498
2015071712,-0.011964114
2013120412,0.081566095
2002032712,0.031567406
2011010912,0.1142504
2003102312,-0.10837286
2005053012,-0.005067195
2008062812,0.067111604
2015020212,0.118624076
2009062812,0.015234441
2004053012,-0.01287631
2002102312,-0.12319483
2014020212,0.04797275
2005061912,-0.016483149
2004061912,0.06930429
2017012212,0.1119152
2019072612,0.055697862
2020062512,0.17749235
2021062512,0.050235428
2018072612,0.0055048047
2007121612,0.05709391
2001070512,-0.06877116
2004081812,-0.16614366
2000070512,-0.035974905
2006121612,-0.031115627
2009020312,0.093664125
2005081812,-0.075654104
2021082412,0.016268555
2020012712,0.095438026
2001021012,-0.025699116
2020082412,0.025151225
2012060212,0.047116436
2019100912,0.09537891
2018100912,0.098130986
2013060212,0.016572313
2000030212,0.0030394222
2016112312,0.018064335
2001030212,0.0036813843
2017112312,0.025318706
2016022712,0.018525537
2006051512,-0.034727275
2007051512,0.115297616
2020101812,0.10818679
2021101812,0.01219183
2001092812,-0.026229303
2000092812,-0.05833992
2016011812,0.05842078
2012021312,0.071790904
2002052112,0.0024265598
2003052112,0.1006415
2017032312,0.054431655
2019052712,0.102101766
2001110212,-0.030422049
2016032312,0.026311567
2000110212,0.008927712
2018052712,0.06789311
2021013112,0.099749416
2000020612,0.06420464
2003122212,0.027375512
2008042912,0.016789896
2009042912,0.07852457
2002122212,-0.022955727
2012100512,-0.0074332347
2003012612,-0.045827568
2016090912,0.0028981883
2013100512,0.056644604
2017090912,-0.10022613
2002012612,-0.015803996
2005022412,-0.027675688
2002050112,0.020158004
2004101212,-0.06789275
2005101212,-0.12358303
2003050112,0.05713485
2004031612,-0.049740963
2005031612,0.11960707
2020051612,0.07842277
2017021112,0.050110824
2021051612,0.13547695
2012102512,-0.09064449
2003010612,-0.026403422
2016092912,-0.021933185
2013102512,0.065068334
2017092912,0.0072568
2002010612,0.0020918562
2005020412,0.0044765747
2003120212,0.05816106
2008040912,-0.030908532
2014092012,0.003241909
2009040912,0.06653986
2002120212,-0.016385911
2015092012,0.033164963
2021011112,0.1426646
2016061612,0.05301333
2011051412,0.119902216
2000022612,0.00045304958
2010051412,0.04876954
2017061612,0.017059822
2017030312,0.06404754
2019050712,0.06400081
2001112212,0.017744131
2016030312,0.014783792
2000112212,-0.08096008
2018050712,0.08559886
2012062212,0.0801678
2019102912,0.07783162
2018102912,0.11440364
2013062212,0.025417836
2005111612,0.016881818
2004111612,-0.06044708
2021080412,-0.034472022
2020010712,0.10891593
2020080412,0.0506861
2001072512,-0.09262347
2000072512,-0.10004301
2009022312,0.115807064
2001090812,-0.06611934
2022062012,0.080024645
2000090812,-0.07926098
2016020712,0.04673838
2000032212,0.02042165
2018081512,0.0030535473
2016110312,0.04758351
2019081512,-0.013793824
2001032212,-0.016463598
2017110312,-0.0316533
2010101612,-0.083284326
2011101612,-0.039740577
2003021512,-0.022421509
2002021512,-0.021463126
2017010212,0.14764977
2019070612,0.055931553
2020060512,0.09703962
2021060512,0.12256143
2018070612,0.056082156
2016041712,0.044857696
2017041712,0.074214645
2003100312,-0.038286757
2005051012,0.047501665
2008060812,0.08243438
2015022212,0.15743697
2009060812,0.041655526
2004051012,0.031728562
2002100312,-0.12746347
2014022212,-0.009401949
2012122412,0.102140896
2010012912,0.0940505
2003030712,-0.042034265
2013122412,-0.009269063
2002030712,-0.044430792
2011012912,0.06821288
2014121912,0.05677568
2015040812,0.083088465
2009092112,-0.073756725
2014040812,0.03448809
2015121912,0.03970653
2008092112,-0.05537172
2010070312,0.0018176445
2011070312,-0.051799014
2012042312,0.059624802
2019122812,0.15699747
2018122812,0.10766306
2013042312,0.026976237
2003082912,-0.12626854
2008013012,0.09355869
2000122712,0.063791335
2002082912,-0.106546156
2001122712,0.016689949
2008021912,0.027400529
2004010112,0.04624559
2002110712,-0.025621003
2022042112,0.063478954
2003110712,-0.03524371
2006060912,-0.06275028
2007060912,0.1390998
2015083112,-0.0039502215
2014083112,-0.005680725
2021090312,0.0513355
2020090312,0.015200162
2012011912,0.03314601
2006052012,-0.039161198
2016021212,0.0329114
2007052012,0.13571842
2010090112,-0.08715613
2001073012,-0.09420797
2011090112,-0.0039000004
2000073012,-0.113616996
2014030912,-0.04406164
2020011212,0.08413443
2016100412,0.014839452
2009072312,0.026417384
2001022512,-0.022097064
2015030912,0.0777686
2017100412,-0.02201369
2008072312,-0.018245487
2000081912,-0.12554929
2002040612,0.0048793536
2011062812,-0.055156
2005070412,-0.019188559
2003121712,0.041286696
2001081912,-0.060812008
2002121712,-0.017181734
2004070412,-0.050320026
2010062812,0.04300861
2003040612,0.09957769
2009010912,0.082652986
2014052312,0.011718137
2012103012,-0.08107022
2013103012,0.036058962
2015052312,0.07084876
2020041112,0.08050544
2013050812,0.011520822
2019051212,0.09708998
2012050812,0.059696715
2018051212,0.057104006
2021041112,0.11158905
2019090412,0.014610786
2018090412,-0.029804254
2004100712,-0.0814124
2005100712,-0.10796605
2016071112,0.008631422
2017071112,0.01714949
2015110912,0.11907364
2014110912,0.0572731
2008012512,0.095380336
2020020112,0.080983095
2002111212,-0.00653107
2003111212,-0.0033378634
2022012112,0.11273456
2007032612,0.094450295
2014010812,0.039435122
2015010812,0.092623
2006032612,-0.07273257
2011020312,0.086519904
2001053112,0.043743327
2007102212,-0.04533065
2010020312,0.08162583
2006102212,-0.062057972
2000053112,0.039696638
2013012312,0.019535324
2022052612,0.10692249
2017121312,0.03890579
2016040212,0.08495617
2018020612,0.044482186
2017040212,0.099048436
2016121312,0.070800014
2022100812,0.023390874
2019020612,0.08114306
2020061012,0.11968443
2017011712,0.080870345
2021061012,0.078603625
2003031212,-0.025177907
2014072212,-0.043761637
2002031212,-0.03633283
2015072212,0.010132542
2011042912,0.034339547
2005050512,0.04540257
2004050512,0.015636913
2010042912,-0.008650168
2019060112,0.07674399
2006112612,-0.07810833
2018060112,0.05005787
2007112612,0.06705594
2004120612,0.026520856
2002071512,-0.10197833
2007080812,0.014452133
2003071512,-0.09501679
2005120612,-0.04739784
2006080812,-0.13762863
2013081612,-0.07736083
2015021712,0.16686317
2011040912,0.035975054
2005052512,-0.021314913
2012081612,-0.06076153
2014021712,-0.0012026601
2004052512,-0.010086799
2010040912,0.091530606
2014070212,-0.017669791
2015070212,0.050227858
2020063012,0.1415177
2002091812,-0.16240251
2021063012,0.0491712
2003091812,-0.10724387
2008051412,0.034195866
2016042212,0.062990606
2018022612,0.08549657
2017042212,0.047523253
2022102812,0.047885973
2009051412,0.028367665
2019022612,-0.00015917503
2003022012,-0.034015935
2022081412,-0.06689922
2002022012,-0.03660024
2004122612,0.06450064
2007082812,-0.028443573
2005122612,-0.017212652
2006082812,-0.08249778
2019062112,0.118011825
2006110612,-0.099001974
2018062112,0.025217088
2007110612,-0.0010657745
2022010112,0.10950439
2007021412,-0.047555607
2020022112,0.090355456
2001011612,0.019479536
2006021412,0.028050398
2000121212,0.011267501
2008010512,0.056056175
2001121212,0.008066106
2013010312,0.11478558
2022050612,0.100030445
2011022312,0.08704586
2001051112,0.052037325
2007100212,-0.12803859
2010022312,0.07239782
2006100212,-0.0850073
2000051112,0.013155311
2007030612,0.005504892
2014012812,0.055186193
2015012812,0.112100065
2006030612,-0.034000877
2019092412,0.06719926
2018092412,-0.030150998
2001111712,0.01646849
2013052812,0.02945298
2012052812,0.106932126
2000111712,-0.078941956
2009012912,0.1238585
2014050312,0.006216818
2012101012,0.009520575
2013101012,0.092197224
2015050312,0.046711642
2012031412,0.041731626
2014091512,0.028105306
2002042612,0.005907938
2011060812,0.033429768
2005072412,-0.08090618
2013031412,0.06898537
2015091512,0.029401477
2004072412,-0.16289036
2010060812,0.020409735
2003042612,0.073272586
2015112912,0.07365324
2014112912,0.09981045
2009101612,-0.04028367
2016073112,-0.023675134
2008101612,0.019133272
2017073112,-0.016516797
2004102712,-0.06788128
2005102712,-0.023433156
2018111812,0.056551874
2019111812,0.010379053
2000101312,-0.034190428
2001101312,-0.029546795
2018082012,0.0046154913
2021092312,-0.03731398
2000031712,0.016702514
2020092312,0.017696628
2001031712,-0.01083231
2019082012,-0.004724001
2015081112,-0.021054672
2014081112,-0.08452648
2022061512,0.07505395
2013111412,0.050995547
2006062912,-0.16315506
2012111412,-0.041852113
2007062912,0.17269641
2014032912,0.01988519
2016102412,0.0063445247
2009070312,0.0027314853
2001020512,-0.007172005
2015032912,0.06766523
2017102412,0.01491053
2008070312,0.04844038
2010092112,-0.0038364194
2001071012,-0.07896257
2011092112,-0.019301014
2000071012,-0.096161276
2012061712,0.06086001
2013061712,0.01916168
2019031812,0.018422076
2018031812,0.012360359
2022111712,0.11667608
2021042612,0.17753883
2020042612,0.11716665
2014011312,0.052398548
2015011312,0.08406048
2011021812,0.07854282
2010021812,0.084433064
2008030512,-0.06665285
2009030512,0.03313715
2010042412,0.015060494
2008100112,-0.04445918
2017072612,-0.011418447
2006091712,-0.123202875
2019012212,0.08307447
2009100112,-0.113652274
2016072612,-0.008773455
2011042412,0.041895162
2007091712,-0.123637214
2018012212,0.072422184
2017120812,0.012318684
2014080612,-0.09553033
2022101312,0.029494794
2016120812,0.095055
2015080612,-0.026531387
2013020712,0.046594176
2013071212,-0.063268445
2002092312,-0.13254914
2012071212,0.0061184503
2022031712,0.06446243
2003092312,-0.0698601
2000061512,0.0077173677
2001061512,0.010617522
2022020512,0.09093573
2022071012,-0.017644515
2009110512,0.044572476
2006011012,0.005571889
2007081312,-0.030298207
2008110512,0.08493265
2006081312,-0.1229811
2007011012,-0.0025163903
2007040512,0.076355554
2006040512,-0.03128669
2003063012,-0.059079375
2012080112,-0.11086254
2021091812,-0.029071324
2002063012,-0.040088326
2020091812,0.021652684
2013080112,-0.018402562
2000102812,-0.02109912
2014110412,0.037775073
2015110412,0.08010109
2001102812,-0.029668309
2017052712,9.862487e-05
2004070912,-0.121386796
2001081412,-0.06339497
2019032312,0.035104282
2000011712,0.10092848
2005070912,-0.05452228
2016052712,0.07326682
2018032312,0.015943294
2000081412,-0.1456973
2021022012,0.12053034
2007111112,-0.012545202
2011033012,0.006405123
2009080712,-0.013736752
2006111112,-0.098133475
2008080712,-0.07390377
2010033012,0.107275836
2009010412,0.07076829
2015060712,0.07345122
2014060712,0.04742523
2018090912,-0.037726372
2005123112,-0.003648467
2004042012,0.0018698137
2019090912,0.02278952
2005042012,0.039386097
2004123112,0.048872244
2001010112,0.060758412
2013051312,0.045677375
2012051312,0.06334418
2022011612,0.12775144
2017100912,-0.027969368
2015030412,0.07937514
2013090512,-0.043847732
2016100912,0.035498895
2022121212,0.18798505
2014030412,-0.02474435
2012090512,-0.042169083
2007060412,0.13927007
2018112312,0.04812128
2000050612,-0.011573718
2001050612,0.03342452
2006060412,-0.063301295
2019112312,0.06028951
2010113012,-0.033022694
2006031112,-0.05246689
2011113012,-0.04161742
2007031112,0.03922919
2012011412,0.022799864
2022051112,0.09987856
2017102912,-0.019671742
2013092512,-0.020047517
2015032412,0.07176127
2016102912,0.039393235
2012092512,-0.066029154
2014032412,0.017243162
2015102012,0.08022496
2014102012,-0.012594677
2014051812,0.0011099394
2021111212,0.06609367
2020111212,0.16953133
2015051812,0.04082024
2001012112,0.014504532
2011061312,0.06932057
2020021612,0.091642566
2010061312,0.0053721378
2005091212,-0.081156716
2004091212,-0.21037182
2022053112,0.11373641
2010111012,-0.07162153
2006033112,-0.06556871
2011111012,-0.121305585
2007033112,0.10044574
2012111912,-0.00995216
2007062412,0.16645828
2018110312,0.092931904
2000052612,0.05424804
2016081512,0.0030066282
2001052612,0.0477892
2013111912,0.07018916
2006062412,-0.13583764
2019110312,0.0669694
2017081512,-0.10324788
2000100812,-0.041846592
2014112412,0.08383923
2015112412,0.08214877
2001100812,-0.028058842
2003061012,0.00397687
2012082112,-0.07113785
2002061012,-0.00762819
2013082112,-0.09482731
2020031212,0.05877906
2019021112,0.064041466
2018021112,0.02471815
2021031212,0.06858418
2018092912,0.0075313817
2009071812,0.00045313724
2005121112,-0.048547357
2019092912,0.070730954
2008071812,0.012413648
2004121112,0.07920867
2005011512,0.0009343914
2015062712,0.07557867
2014062712,0.028152639
2021071512,0.017676145
2018061612,0.011616536
2011031012,0.085378006
2009082712,-0.07192494
2019061612,0.12179077
2020071512,0.08803966
2008082712,-0.085688494
2010031012,0.060237046
2009012412,0.123251654
2017050712,0.089199595
2004072912,-0.15554631
2008122012,0.06353244
2019030312,-0.020892095
2013031912,0.054976467
2005072912,-0.049178228
2016050712,0.163112
2009122012,0.015279596
2018030312,0.11758283
2012031912,0.029618481
2002090312,-0.13938554
2003090312,-0.11199559
2017122812,0.09588091
2014082612,-0.018210955
2016122812,0.14431287
2013022712,0.08167232
2015082612,-0.023128085
2007042512,0.066801764
2011091612,-0.013925844
2006042512,-0.019858101
2010091612,-0.050055496
2009112512,0.03467967
2006013012,0.05589009
2008112512,0.112995215
2007013012,-0.013960699
2006021912,0.030842748
2022073012,-0.04857439
2007021912,-0.013003951
2004021012,-0.045031678
2022022512,0.08241751
2021040612,0.11949675
2020121712,0.14282419
2022081912,-0.09554756
2021121712,0.081146255
2020040612,0.06784895
2003041112,0.12113322
2002041112,-0.0015191631
2010040412,0.095271625
2008102112,0.05066577
2011121512,0.051710766
2017070612,0.03568853
2013011812,0.030417893
2019010212,0.11843478
2009102112,-0.011431611
2016070612,0.03292191
2010121512,-0.041676898
2011040412,0.021889346
2018010212,0.07181822
2018041712,0.10648935
2008032512,-0.04452982
2010081212,-0.010923919
2019041712,0.06312982
2011081212,-0.028920863
2009032512,0.092461646
2009051912,0.017622394
2008051912,0.044774074
2013011312,0.039221786
2022051612,0.098743625
2007101212,-0.09548115
2001050112,0.04601583
2000050112,-0.015515019
2006101212,-0.044848617
2007031612,0.051591408
2006031612,-0.09560947
2022011112,0.13044222
2002112212,0.0057866797
2003112212,0.054529224
2007020412,-0.035635736
2001010612,0.04979035
2006020412,0.05978436
2008011512,0.04080268
2000120212,-0.01579972
2001120212,-0.05464341
2022080412,-0.045424815
2002072512,-0.1322105
2003072512,-0.09873353
2006111612,-0.0821888
2007111612,0.017591277
2011041912,0.04247288
2013080612,-0.012146197
2015020712,0.14267369
2010041912,0.060083896
2012080612,-0.109709404
2014020712,0.0325544
2014071212,-0.057605308
2003032212,-0.006950004
2015071212,0.004625291
2002032212,0.029430913
2002090812,-0.18346025
2017012712,0.08846307
2020062012,0.17009886
2003090812,-0.13598506
2021062012,0.06210035
2008050412,0.03453006
2017122312,0.10162267
2009050412,0.083959565
2016122312,0.07159191
2009071312,-0.013289743
2020012212,0.10332492
2008071312,0.006984214
2001021512,-0.022071006
2012060712,0.01520499
2013060712,-0.007287231
2019030812,-0.006735281
2018030812,0.11050151
2016022212,0.010879054
2006051012,-0.047820136
2000100312,-0.056589365
2001100312,-0.03617201
2007051012,0.13385858
2018083012,-0.035008408
2000030712,-0.0068184054
2012012912,0.06639278
2001030712,0.009785501
2019083012,0.014123342
2015080112,-0.03010436
2022060512,0.10166931
2014080112,-0.07484591
2013110412,0.026977774
2012110412,-0.041149747
2016072112,0.014170133
2009100612,-0.09829513
2017072112,-0.014970215
2008100612,-0.030188233
2018110812,0.06920192
2019110812,0.03923676
2020042112,0.101416096
2001110712,-0.014276556
2019052212,0.12552443
2018052212,0.055458665
2000110712,-0.0012365598
2021042112,0.15653302
2014051312,0.028610399
2015051312,0.028812269
2011061812,0.033594646
2003122712,0.04891344
2000082912,-0.07987773
2012030412,0.10693292
2014090512,0.0151835615
2002122712,-0.04780729
2010061812,0.014688985
2013030412,0.078294285
2015090512,0.00087056914
2001082912,-0.044687178
2018112812,0.040224038
2019112812,0.17157544
2004101712,-0.06451917
2005101712,-0.12417791
2016070112,0.049249977
2009102612,0.018585343
2017070112,0.027243879
2008102612,0.08137514
2015111912,0.11009039
2014111912,0.071958795
2002041612,-0.005297147
2003120712,0.05467375
2005071412,-0.065194376
2000080912,-0.14770406
2014092512,-0.009073504
2012032412,0.020083085
2004071412,-0.16255865
2002120712,-0.01817171
2003041612,0.12959035
2015092512,0.052188445
2013032412,0.041913837
2001080912,-0.07416329
2012102012,-0.06397903
2009011912,0.12269698
2013102012,0.07706266
2020040112,0.05779132
2001112712,-0.032273535
2019050212,0.040609624
2013051812,0.048873916
2018050212,0.10723703
2012051812,0.08524173
2000112712,-0.052525293
2021040112,0.12856027
2019091412,0.04293538
2018091412,-0.048046716
2019032812,0.02217008
2018032812,0.076329835
2012062712,0.03503334
2013062712,0.02744366
2001072012,-0.07266204
2010091112,-0.06803832
2000072012,-0.08287382
2011091112,0.01936707
2016101412,0.024177346
2020010212,0.13903973
2014031912,-0.01773671
2017101412,-0.0065949527
2015031912,0.081057146
2006061912,-0.100305624
2013112412,0.07869766
2007061912,0.15366717
2012112412,0.012380073
2015082112,-0.025633093
2022062512,0.062352065
2014082112,-0.029356746
2018081012,0.051874433
2021091312,0.0112306075
2000032712,0.01958895
2012010912,0.06675972
2020091312,0.035251632
2001032712,-0.021941759
2019081012,-0.014266153
2016020212,0.04637228
2006053012,-0.045929004
2000102312,-0.0568428
2001102312,-0.044009153
2007053012,0.14013207
2019061112,0.09340065
2018061112,0.0012576836
2007081812,-0.03323447
2002070512,-0.04733136
2004121612,0.09772867
2006081812,-0.117868535
2005121612,-0.042445842
2003070512,-0.1052424
2003021012,-0.031509113
2022082412,-0.073552474
2002021012,-0.03371832
2018021612,0.019743275
2008052412,0.058196537
2017120312,0.013381693
2016041212,0.05821894
2019021612,0.021631619
2017041212,0.090280466
2009052412,0.027017146
2022101812,0.03328961
2016120312,0.10578103
2002092812,-0.14074956
2017010712,0.1429213
2003092812,-0.037124846
2003030212,-0.04676155
2002030212,-0.08264528
2005051512,0.038415402
2015022712,0.116085224
2013082612,-0.10486797
2004051512,0.03089422
2014022712,-0.015087725
2012082612,-0.054763574
2014011812,0.061784457
2015011812,0.08603049
2001052112,0.077277154
2011021312,0.092182875
2000052112,0.05950244
2010021312,0.09517522
2000122212,0.07329085
2001122212,0.0122665595
2020021112,0.06689362
2007022412,-0.01866484
2001012612,0.0061786575
2006022412,0.021712806
2002110212,-0.07134882
2003110212,-0.08364891
2022013112,0.09349046
2005120112,-0.026595164
2009070812,-0.016647052
2004041012,0.008122252
2005041012,0.016633673
2004120112,-0.026047267
2008070812,0.041629005
2005010512,-0.006437433
2021070512,0.05017641
2007112112,0.05652602
2018060612,0.027053354
2006112112,-0.09105637
2019060612,0.07755116
2020070512,0.11439863
2001082412,-0.033556286
2013030912,0.06533982
2000012712,0.11289156
2019031312,-0.0004152184
2008123012,0.06810617
2017051712,0.09182589
2012030912,0.05519399
2018031312,0.06033956
2000082412,-0.09061023
2021021012,0.10249985
2009123012,0.13215713
2016051712,0.1595736
2000101812,-0.05596402
2001101812,-0.03615847
2012083112,-0.040666018
2021092812,-0.020777127
2020092812,-0.011047624
2013083112,-0.07951728
2020030212,0.06940576
2019020112,0.07554236
2018020112,0.026313761
2021030212,0.07446955
2005090212,-0.119922385
2004090212,-0.15664667
2022052112,0.11192485
2012012412,0.0546939
2006032112,-0.11013424
2007032112,0.076343015
2016080512,-0.037749797
2018111312,0.06678151
2012110912,-0.007403319
2017080512,-0.05075081
2019111312,0.018197998
2013110912,0.029789098
2022122212,0.20809022
2013052312,0.040688675
2015103012,0.07050322
2022012612,0.10820443
2014103012,0.03060161
2012052312,0.12727945
2014050812,0.033831388
2021110212,0.08176663
2020110212,0.1391582
2015050812,0.03522873
2011060312,0.033394344
2001013112,-0.022914499
2010060312,0.05564979
2020020612,0.060406283
2019011212,0.14243318
2006092712,-0.079206385
2013010812,0.09485457
2010041412,0.08968209
2017071612,0.0047163973
2011120512,-0.031655427
2008103112,0.07047444
2018011212,0.09330245
2007092712,-0.14617462
2010120512,-0.03037858
2016071612,0.009421954
2009103112,0.06407079
2011041412,0.04226933
2010080212,-0.06356678
2018040712,0.1272355
2011080212,-0.08383007
2019040712,0.057396904
2011022812,0.06254546
2010022812,0.052846767
2009050912,0.06015836
2014012312,0.059707046
2008050912,0.016791267
2015012312,0.0900901
2021041612,0.10857721
2020120712,0.12867326
2021120712,0.039126184
2020041612,0.09237309
2022080912,-0.047595263
2022112712,0.05469764
2003040112,0.06276621
2002040112,0.013488416
2011090612,0.02702683
2010090612,-0.08696313
2006012012,0.0030829906
2007082312,-0.034239464
2006082312,-0.09022481
2007012012,-0.0072515225
2022072012,-0.04679022
2006020912,0.03134692
2007020912,-0.05205689
2000062512,-0.027173042
2001062512,0.026835077
2002091312,-0.19502088
2013072212,-0.06993273
2022032712,0.055115942
2003091312,-0.1317122
2012072212,-0.014653777
2022102312,0.033029445
2004022012,0.02158113
2022021512,0.10934848
2007080312,0.012972936
2009111512,0.04401254
2006080312,-0.12327739
2008111512,0.13480446
2011092612,-0.003511006
2007041512,0.06624881
2010092612,-0.011137235
2006041512,-0.06497172
2014081612,-0.056755
2017121812,0.08137617
2015081612,-0.034349225
2013021712,0.089393675
2016121812,0.036470708
2022100312,0.02962389
2013070212,0.00906415
2022030712,0.108844176
2012070212,0.01159934
2000060512,0.033450652
2001060512,0.028113902
2009052912,0.014666098
2014010312,0.019603902
2008052912,0.07452815
2015010312,0.10252893
2011020812,0.08371493
2010020812,0.10818755
2008031512,-0.07727436
2010082212,-0.08443753
2018042712,0.13056183
2011082212,-0.017885039
2009031512,0.05611977
2019042712,0.037975382
2006090712,-0.09480576
2013012812,0.0059859897
2011122512,0.12122159
2008101112,-0.009973232
2007090712,-0.09006411
2010122512,0.038463715
2009101112,-0.074040845
2022110712,0.11087934
2003042112,0.09878019
2002042112,-0.0066868793
2020122712,0.15259933
2021122712,0.09466397
2022082912,-0.051900297
2016082512,-0.052113216
2007061412,0.13401325
2012112912,0.033266503
2000051612,0.05371528
2017082512,-0.08004931
2001051612,0.07963362
2006061412,-0.07883199
2013112912,0.07920681
2006030112,0.025027469
2010112012,-0.017295334
2007030112,-0.008976426
2011112012,-0.08340195
2022050112,0.101296134
2012010412,0.105501644
2005092212,-0.019844797
2004092212,-0.15990381
2011062312,-0.013249091
2001011112,0.04219599
2010062312,0.043537907
2020022612,0.080711655
2014052812,0.030984312
2021112212,0.043097783
2020112212,0.2104387
2015052812,0.10856267
2013050312,-0.0028577268
2015101012,0.07051583
2022010612,0.11837976
2014101012,-0.022313008
2012050312,0.073043905
2015031412,0.086968966
2013091512,-0.02370399
2017101912,0.029246474
2014031412,-0.038383063
2012091512,-0.06263053
2022120212,0.059294336
2016101912,0.006246269
2001080412,-0.09750887
2013032912,0.020982377
2000010712,0.094303906
2008121012,0.03276305
2004071912,-0.17261627
2012032912,0.025493916
2000080412,-0.13741042
2009121012,-0.035273757
2005071912,-0.06979735
2011032012,0.056542523
2009081712,-0.045492712
2021072512,-0.035389215
2007110112,-0.0021310344
2018062612,0.016957054
2008081712,-0.12749065
2009011412,0.08784224
2010032012,0.09176551
2006110112,-0.10275856
2019062612,0.09820334
2020072512,0.073995955
2015061712,0.05889708
2005012512,0.02219708
2014061712,0.056375686
2005122112,-0.032090753
2009072812,0.04394978
2004043012,-0.0036380575
2018091912,-0.052325886
2005043012,0.047310896
2004122112,0.07688515
2008072812,-0.045016345
2019091912,0.05957692
2020032212,0.05551495
2019022112,0.0005035407
2018022112,0.032452304
2021032212,0.122578435
2012081112,-0.08659513
2021090812,0.0443706
2003062012,0.015700012
2020090812,0.03254517
2013081112,-0.046860673
2002062012,-0.026441285
2014111412,0.072871216
2015111412,0.13530074
